$ANSIBLE_VAULT;1.1;AES256
37366462313038623633376437316464663162303533386435316432383036646563313836643165
6136313733646365626235393230323331666162656433320a326662663638383232333231306165
31303966646333633932306439343236646365313534333332346166386532353331383435303539
3331326436346266350a653866373464336439336435393765643939376136383765353138393738
66313933343361303830633432316230313137396162383037616261316431356165353939663638
61623862353836656262346565393838303662366239303838373335396133616537306433386539
64613461616539646233613162623366633631623738623962653733363137336332353461633433
37373137333132613266356361396339316266653966343765373430333038326431346339336463
30393562316635313131366265613533393335303238623337626330326539336563663833306662
36626465616433343935353964626666653533643361666161373638343939393433646133383538
39363830333266326631616632373634383861303335373833373738313862643464636133356162
33373861353938616164643566636433623238663136643834353133363363656233313865313736
30613164303833623333333831303631353430623461373733356638343039366431343630393762
35343064323265613865343265303738343333343032373136626630623430663266356165306231
66383934636263343433393435343661343365333038323735343165666532316332303966383165
38366132356662336264306231353539646261623361623331666364366633636530393832346532
37396566343863383564376261336139333039313131353730643166663534353239616661643131
30303961316330656264326136656163353932373634343964356234626536316631343665313763
39323966373036393232356634633962666136363364346630333534323031373633616131303930
64303830616139633432373964306235373963346665633364663163646436346164396237643234
63623366333138373161306662336139393033396437343764623634656537656238356134613264
35353961363561663030663436633238646335323831346232373132326661653730646139373236
32313263393433313230363239633565663437376236656261303134323436316461336461613630
35303830343661663131613565386639353665383438383033366466343630643432346634363062
36366335313533326535316439366331333565373535303537356338626238653333396238623561
33646438663966313862373461613962363333313366626139623066343434313331303334366230
66653738636666393063633465323231613764343064353133306639343638313031323935376464
63363138343566623334
